INSERT INTO
	pet_image (petid,imageid)
VALUES
	(1, 1),
	(2, 2),
	(3, 3),
	(4, 4),
	(5, 5),
	(5, 6),
	(5, 7),
	(5, 8),
	(5, 9),
	(5, 10),
	(6, 11),
	(6, 12),
	(6, 13),
	(6, 14),
	(6, 15),
	(6, 16),
	(7, 17),
	(7, 18),
	(7, 19),
	(7, 20),
	(7, 21),
	(7, 22),
	(8, 23),
	(8, 24),
	(8, 25),
	(8, 26),
	(8, 27),
	(9, 28),
	(9, 29),
	(9, 30),
	(9, 31),
	(9, 32),
	(9, 33),
	(10, 34),
	(10, 35),
	(10, 36),
	(10, 37),
	(11, 38),
	(11, 39),
	(11, 40),
	(11, 41),
	(11, 42),
	(12, 43),
	(12, 44),
	(12, 45),
	(12, 46),
	(12, 47),
	(13, 48),
	(13, 49),
	(13, 50),
	(13, 51),
	(13, 52),
	(13, 53),
	(14, 54),
	(14, 55),
	(14, 56),
	(14, 57),
	(14, 58),
	(14, 59),
	(15, 60),
	(15, 61),
	(15, 62),
	(15, 63),
	(15, 64),
	(15, 65),
	(16, 66),
	(16, 67),
	(16, 68),
	(17, 69),
	(17, 70),
	(18, 71),
	(18, 72),
	(18, 73),
	(19, 74),
	(19, 75),
	(19, 76),
	(19, 77),
	(19, 78),
	(19, 79),
	(20, 80),
	(20, 81),
	(20, 82),
	(20, 83),
	(20, 84),
	(20, 85),
	(21, 86),
	(21, 87),
	(21, 88),
	(21, 89),
	(22, 90),
	(22, 91),
	(22, 92),
	(23, 93),
	(23, 94),
	(23, 95),
	(23, 96),
	(24, 97),
	(24, 98),
	(25, 99),
	(25, 100),
	(26, 101),
	(27, 102),
	(27, 103),
	(27, 104),
	(27, 105),
	(27, 106),
	(27, 107),
	(28, 108),
	(28, 109),
	(29, 110),
	(30, 111),
	(31, 112),
	(32, 113),
	(33, 114),
	(33, 115),
	(34, 116),
	(35, 117),
	(35, 118),
	(35, 119),
	(36, 120),
	(36, 121),
	(36, 122),
	(36, 123),
	(37, 124),
	(37, 125),
	(37, 126),
	(37, 127),
	(38, 128),
	(38, 129),
	(38, 130),
	(39, 131),
	(39, 132),
	(39, 133),
	(39, 134),
	(40, 135),
	(40, 136),
	(40, 137),
	(40, 138),
	(40, 139),
	(41, 140),
	(41, 141),
	(41, 142),
	(41, 143),
	(41, 144),
	(42, 145),
	(42, 146),
	(42, 147),
	(42, 148),
	(43, 149),
	(43, 150),
	(43, 151),
	(43, 152),
	(44, 153),
	(44, 154),
	(44, 155),
	(44, 156),
	(44, 157),
	(45, 158),
	(45, 159),
	(45, 160),
	(45, 161),
	(45, 162),
	(46, 163),
	(47, 164),
	(47, 165),
	(48, 166),
	(48, 167),
	(48, 168),
	(49, 169),
	(49, 170),
	(49, 171),
	(50, 172),
	(50, 173),
	(50, 174),
	(51, 175),
	(52, 176),
	(52, 177),
	(52, 178),
	(54, 179),
	(54, 180),
	(54, 181),
	(55, 182),
	(56, 183),
	(56, 184),
	(56, 185),
	(56, 186),
	(56, 187),
	(57, 188),
	(58, 189),
	(59, 190),
	(60, 191),
	(61, 192),
	(62, 193),
	(63, 194),
	(63, 195),
	(64, 196),
	(64, 197),
	(64, 198),
	(65, 199),
	(65, 200),
	(66, 201),
	(67, 202),
	(67, 203),
	(68, 204),
	(68, 205),
	(69, 206),
	(69, 207),
	(69, 208),
	(70, 209),
	(70, 210),
	(70, 211),
	(71, 212),
	(71, 213),
	(71, 214),
	(72, 215),
	(72, 216),
	(72, 217),
	(72, 218),
	(73, 219),
	(73, 220),
	(74, 221),
	(74, 222),
	(75, 223),
	(75, 224),
	(75, 225),
	(76, 226),
	(76, 227),
	(76, 228),
	(77, 229),
	(77, 230),
	(77, 231),
	(78, 232),
	(78, 233),
	(78, 234),
	(79, 235),
	(79, 236),
	(79, 237),
	(80, 238),
	(81, 239),
	(81, 240),
	(81, 241),
	(82, 242),
	(82, 243),
	(82, 244),
	(83, 245),
	(83, 246),
	(83, 247),
	(84, 248),
	(85, 249),
	(85, 250),
	(85, 251),
	(86, 252),
	(86, 253),
	(86, 254),
	(87, 255),
	(87, 256),
	(87, 257),
	(87, 258),
	(87, 259),
	(88, 260),
	(89, 261),
	(90, 262),
	(91, 263),
	(91, 264),
	(91, 265),
	(91, 266),
	(91, 267),
	(91, 268),
	(92, 269),
	(92, 270),
	(92, 271),
	(92, 272),
	(92, 273),
	(92, 274),
	(93, 275),
	(93, 276),
	(93, 277),
	(93, 278),
	(93, 279),
	(94, 280),
	(94, 281),
	(94, 282),
	(94, 283),
	(94, 284),
	(94, 285),
	(95, 286),
	(96, 287),
	(97, 288),
	(98, 289),
	(99, 290),
	(99, 291),
	(100, 292),
	(100, 293),
	(101, 294),
	(101, 295),
	(102, 296),
	(103, 297),
	(104, 298),
	(105, 299),
	(105, 300),
	(105, 301),
	(105, 302),
	(106, 303),
	(106, 304),
	(106, 305),
	(107, 306),
	(107, 307),
	(107, 308),
	(107, 309),
	(107, 310),
	(108, 311),
	(108, 312),
	(108, 313),
	(109, 314),
	(109, 315),
	(109, 316),
	(109, 317),
	(109, 318),
	(110, 319),
	(110, 320),
	(110, 321),
	(110, 322),
	(110, 323),
	(111, 324),
	(112, 325),
	(113, 326),
	(114, 327),
	(115, 328),
	(116, 329),
	(116, 330),
	(117, 331),
	(117, 332),
	(118, 333),
	(118, 334),
	(119, 335),
	(119, 336),
	(120, 337),
	(120, 338),
	(120, 339),
	(121, 340),
	(121, 341),
	(122, 342),
	(122, 343),
	(122, 344),
	(123, 345),
	(123, 346),
	(123, 347),
	(124, 348),
	(125, 349),
	(126, 350),
	(127, 351),
	(128, 352),
	(129, 353),
	(129, 354),
	(129, 355),
	(129, 356),
	(130, 357),
	(130, 358),
	(130, 359),
	(131, 360),
	(132, 361),
	(133, 362),
	(133, 363),
	(134, 364),
	(135, 365),
	(136, 366),
	(136, 367),
	(137, 368),
	(137, 369),
	(138, 370),
	(139, 371),
	(140, 372),
	(141, 373),
	(142, 374),
	(143, 375),
	(144, 376),
	(145, 377),
	(146, 378),
	(147, 379),
	(148, 380),
	(148, 381),
	(149, 382),
	(149, 383),
	(150, 384),
	(150, 385),
	(151, 386),
	(151, 387),
	(152, 388),
	(152, 389),
	(153, 390),
	(153, 391),
	(154, 392),
	(154, 393),
	(155, 394),
	(155, 395),
	(156, 396),
	(157, 397),
	(157, 398),
	(158, 399),
	(159, 400),
	(159, 401),
	(160, 402),
	(161, 403),
	(162, 404),
	(162, 405),
	(163, 406),
	(163, 407),
	(164, 408),
	(164, 409),
	(165, 410),
	(165, 411),
	(166, 412),
	(166, 413),
	(166, 414),
	(167, 415),
	(168, 416),
	(168, 417),
	(168, 418),
	(169, 419),
	(169, 420),
	(169, 421),
	(169, 422),
	(170, 423),
	(170, 424),
	(170, 425),
	(170, 426),
	(170, 427),
	(171, 428),
	(171, 429),
	(172, 430),
	(172, 431),
	(173, 432),
	(173, 433),
	(173, 434),
	(173, 435),
	(173, 436),
	(174, 437),
	(174, 438),
	(174, 439),
	(174, 440),
	(175, 441),
	(175, 442),
	(175, 443),
	(175, 444),
	(175, 445),
	(175, 446),
	(176, 447),
	(176, 448),
	(176, 449),
	(176, 450),
	(176, 451),
	(177, 452),
	(177, 453),
	(177, 454),
	(177, 455),
	(177, 456),
	(177, 457),
	(178, 458),
	(178, 459),
	(179, 460),
	(180, 461),
	(181, 462),
	(182, 463),
	(183, 464),
	(184, 465),
	(185, 466),
	(185, 467),
	(185, 468),
	(186, 469),
	(186, 470),
	(186, 471),
	(187, 472),
	(187, 473),
	(187, 474),
	(188, 475),
	(188, 476),
	(188, 477),
	(189, 478),
	(189, 479),
	(189, 480),
	(190, 481),
	(190, 482),
	(190, 483),
	(191, 484),
	(191, 485),
	(191, 486),
	(192, 487),
	(193, 488),
	(193, 489),
	(194, 490),
	(194, 491),
	(195, 492),
	(196, 493),
	(197, 494),
	(198, 495),
	(199, 496),
	(200, 497),
	(201, 498),
	(202, 499),
	(203, 500),
	(204, 501),
	(205, 502),
	(206, 503),
	(207, 504),
	(208, 505),
	(208, 506),
	(209, 507),
	(209, 508),
	(210, 509),
	(211, 510),
	(212, 511),
	(213, 512),
	(214, 513),
	(215, 514),
	(216, 515),
	(216, 516),
	(216, 517),
	(216, 518),
	(217, 519),
	(217, 520),
	(217, 521),
	(217, 522),
	(218, 523),
	(218, 524),
	(218, 525),
	(218, 526),
	(218, 527),
	(219, 528),
	(219, 529),
	(219, 530),
	(219, 531),
	(220, 532),
	(220, 533),
	(220, 534),
	(220, 535),
	(220, 536),
	(220, 537),
	(221, 538),
	(221, 539),
	(221, 540),
	(221, 541),
	(222, 542),
	(222, 543),
	(222, 544),
	(222, 545),
	(223, 546),
	(223, 547),
	(223, 548),
	(224, 549),
	(224, 550),
	(224, 551),
	(224, 552),
	(224, 553),
	(226, 554),
	(227, 555),
	(228, 556),
	(229, 557),
	(230, 558),
	(231, 559),
	(232, 560),
	(233, 561),
	(233, 562),
	(234, 563),
	(235, 564),
	(235, 565),
	(236, 566),
	(236, 567),
	(237, 568),
	(237, 569),
	(238, 570),
	(238, 571),
	(238, 572),
	(238, 573),
	(238, 574),
	(238, 575),
	(239, 576),
	(239, 577),
	(239, 578),
	(239, 579),
	(239, 580),
	(240, 581),
	(241, 582),
	(241, 583),
	(241, 584),
	(241, 585),
	(241, 586),
	(241, 587),
	(242, 588),
	(242, 589),
	(242, 590),
	(243, 591),
	(243, 592),
	(243, 593),
	(244, 594),
	(245, 595),
	(246, 596),
	(247, 597),
	(247, 598),
	(247, 599),
	(248, 600),
	(248, 601),
	(248, 602),
	(248, 603),
	(248, 604),
	(248, 605),
	(249, 606),
	(249, 607),
	(249, 608),
	(250, 609),
	(250, 610),
	(250, 611),
	(250, 612),
	(251, 613),
	(251, 614),
	(251, 615),
	(251, 616),
	(251, 617),
	(252, 618),
	(252, 619),
	(253, 620),
	(253, 621),
	(253, 622),
	(254, 623),
	(254, 624),
	(254, 625),
	(255, 626),
	(255, 627),
	(255, 628),
	(256, 629),
	(256, 630),
	(256, 631),
	(257, 632),
	(257, 633),
	(258, 634),
	(258, 635),
	(258, 636),
	(259, 637),
	(259, 638),
	(259, 639),
	(260, 640),
	(260, 641),
	(260, 642),
	(261, 643),
	(261, 644),
	(261, 645),
	(262, 646),
	(262, 647),
	(262, 648),
	(269, 649),
	(270, 650),
	(271, 651),
	(272, 652),
	(273, 653),
	(273, 654),
	(273, 655),
	(274, 656),
	(274, 657),
	(274, 658),
	(275, 659),
	(275, 660),
	(275, 661),
	(276, 662),
	(276, 663),
	(276, 664),
	(277, 665),
	(277, 666),
	(277, 667),
	(278, 668),
	(278, 669),
	(278, 670),
	(279, 671),
	(279, 672),
	(279, 673),
	(280, 674),
	(280, 675),
	(280, 676),
	(281, 677),
	(281, 678),
	(281, 679),
	(282, 680),
	(282, 681),
	(282, 682),
	(283, 683),
	(283, 684),
	(283, 685),
	(284, 686),
	(285, 687),
	(285, 688),
	(286, 689),
	(286, 690),
	(287, 691),
	(287, 692),
	(287, 693),
	(288, 694),
	(288, 695),
	(288, 696),
	(289, 697),
	(289, 698),
	(289, 699),
	(290, 700),
	(290, 701),
	(290, 702),
	(290, 703),
	(291, 704),
	(291, 705),
	(292, 706),
	(292, 707),
	(292, 708),
	(292, 709),
	(293, 710),
	(294, 711),
	(294, 712),
	(294, 713),
	(294, 714),
	(295, 715),
	(295, 716),
	(295, 717),
	(295, 718),
	(296, 719),
	(296, 720),
	(296, 721),
	(296, 722),
	(297, 723),
	(297, 724),
	(297, 725),
	(298, 726),
	(298, 727),
	(298, 728),
	(299, 729),
	(299, 730),
	(300, 731),
	(300, 732),
	(300, 733),
	(300, 734),
	(300, 735),
	(300, 736),
	(301, 737),
	(301, 738),
	(301, 739),
	(301, 740),
	(302, 741),
	(302, 742),
	(302, 743),
	(303, 744),
	(303, 745),
	(303, 746),
	(304, 747),
	(304, 748),
	(304, 749),
	(304, 750),
	(305, 751),
	(306, 752),
	(306, 753),
	(306, 754),
	(306, 755),
	(306, 756),
	(306, 757),
	(315, 758),
	(315, 759),
	(316, 760),
	(316, 761),
	(316, 762),
	(317, 763),
	(317, 764),
	(318, 765),
	(318, 766),
	(319, 767),
	(319, 768),
	(320, 769),
	(320, 770),
	(320, 771),
	(320, 772),
	(321, 773),
	(321, 774),
	(321, 775),
	(321, 776),
	(322, 777),
	(322, 778),
	(322, 779),
	(322, 780),
	(323, 781),
	(324, 782),
	(324, 783),
	(324, 784),
	(324, 785),
	(324, 786),
	(325, 787),
	(325, 788),
	(325, 789),
	(326, 790),
	(326, 791),
	(327, 792),
	(328, 793),
	(329, 794),
	(329, 795),
	(330, 796),
	(330, 797),
	(331, 798),
	(331, 799),
	(331, 800),
	(332, 801),
	(332, 802),
	(333, 803),
	(333, 804),
	(333, 805),
	(333, 806),
	(333, 807),
	(334, 808),
	(334, 809),
	(334, 810),
	(334, 811),
	(334, 812),
	(335, 813),
	(335, 814),
	(335, 815),
	(335, 816),
	(335, 817),
	(336, 818),
	(336, 819),
	(336, 820),
	(336, 821),
	(336, 822),
	(337, 823),
	(337, 824),
	(337, 825),
	(337, 826),
	(338, 827),
	(338, 828),
	(338, 829),
	(339, 830),
	(339, 831),
	(339, 832),
	(340, 833),
	(340, 834),
	(340, 835),
	(341, 836),
	(341, 837),
	(341, 838),
	(342, 839),
	(342, 840),
	(342, 841),
	(343, 842),
	(343, 843),
	(343, 844),
	(344, 845),
	(344, 846),
	(344, 847),
	(345, 848),
	(345, 849),
	(345, 850),
	(346, 851),
	(346, 852),
	(346, 853),
	(346, 854),
	(347, 855),
	(347, 856),
	(347, 857),
	(348, 858),
	(348, 859),
	(348, 860),
	(349, 861),
	(349, 862),
	(349, 863),
	(350, 864),
	(350, 865),
	(350, 866),
	(351, 867),
	(351, 868),
	(351, 869),
	(352, 870),
	(352, 871),
	(352, 872),
	(353, 873),
	(353, 874),
	(353, 875),
	(354, 876),
	(354, 877),
	(354, 878),
	(355, 879),
	(355, 880),
	(355, 881),
	(356, 882),
	(356, 883),
	(356, 884),
	(357, 885),
	(357, 886),
	(357, 887),
	(358, 888),
	(358, 889),
	(358, 890),
	(358, 891),
	(358, 892),
	(358, 893),
	(359, 894),
	(359, 895),
	(359, 896),
	(359, 897),
	(359, 898),
	(359, 899),
	(360, 900),
	(360, 901),
	(360, 902),
	(360, 903),
	(360, 904),
	(360, 905),
	(361, 906),
	(361, 907),
	(361, 908),
	(361, 909),
	(361, 910),
	(362, 911),
	(362, 912),
	(362, 913),
	(362, 914),
	(363, 915),
	(363, 916),
	(364, 917),
	(365, 918),
	(366, 919),
	(366, 920),
	(366, 921),
	(366, 922),
	(367, 923),
	(367, 924),
	(367, 925),
	(367, 926),
	(367, 927),
	(367, 928),
	(368, 929),
	(368, 930),
	(368, 931),
	(368, 932),
	(369, 933),
	(369, 934),
	(370, 935),
	(370, 936),
	(370, 937),
	(370, 938),
	(370, 939),
	(370, 940),
	(371, 941),
	(372, 942),
	(373, 943),
	(373, 944),
	(373, 945),
	(374, 946),
	(374, 947),
	(374, 948),
	(374, 949),
	(374, 950),
	(375, 951),
	(375, 952),
	(375, 953),
	(375, 954),
	(376, 955),
	(376, 956),
	(376, 957),
	(376, 958),
	(377, 959),
	(377, 960),
	(377, 961),
	(378, 962),
	(378, 963),
	(379, 964),
	(380, 965),
	(380, 966),
	(380, 967),
	(381, 968),
	(384, 969),
	(385, 970),
	(385, 971),
	(385, 972),
	(386, 973),
	(386, 974),
	(386, 975),
	(387, 976),
	(388, 977),
	(388, 978),
	(388, 979),
	(389, 980),
	(389, 981),
	(389, 982),
	(390, 983),
	(390, 984),
	(391, 985),
	(391, 986),
	(392, 987),
	(392, 988),
	(393, 989),
	(393, 990),
	(393, 991),
	(393, 992),
	(394, 993),
	(395, 994),
	(395, 995),
	(395, 996),
	(396, 997),
	(396, 998),
	(396, 999),
	(396, 1000),
	(397, 1001),
	(397, 1002),
	(398, 1003),
	(398, 1004),
	(398, 1005),
	(399, 1006),
	(399, 1007),
	(400, 1008),
	(401, 1009),
	(402, 1010),
	(403, 1011),
	(403, 1012),
	(404, 1013),
	(405, 1014),
	(405, 1015),
	(405, 1016),
	(406, 1017),
	(407, 1018),
	(407, 1019),
	(407, 1020),
	(407, 1021),
	(408, 1022),
	(409, 1023),
	(409, 1024),
	(410, 1025),
	(411, 1026),
	(413, 1027),
	(413, 1028),
	(413, 1029),
	(413, 1030),
	(414, 1031),
	(415, 1032),
	(415, 1033),
	(415, 1034),
	(415, 1035),
	(415, 1036),
	(416, 1037),
	(416, 1038),
	(416, 1039),
	(416, 1040),
	(416, 1041),
	(417, 1042),
	(417, 1043),
	(417, 1044),
	(417, 1045),
	(417, 1046),
	(417, 1047),
	(418, 1048),
	(418, 1049),
	(418, 1050),
	(418, 1051),
	(418, 1052),
	(419, 1053),
	(419, 1054),
	(419, 1055),
	(419, 1056),
	(419, 1057),
	(420, 1058),
	(420, 1059),
	(420, 1060),
	(421, 1061),
	(421, 1062),
	(421, 1063),
	(422, 1064),
	(422, 1065),
	(423, 1066),
	(423, 1067),
	(423, 1068),
	(423, 1069),
	(424, 1070),
	(424, 1071),
	(424, 1072),
	(424, 1073),
	(424, 1074),
	(425, 1075),
	(425, 1076),
	(425, 1077),
	(426, 1078),
	(426, 1079),
	(426, 1080),
	(427, 1081),
	(427, 1082),
	(427, 1083),
	(428, 1084),
	(428, 1085),
	(429, 1086),
	(429, 1087),
	(429, 1088),
	(430, 1089),
	(430, 1090),
	(430, 1091),
	(431, 1092),
	(431, 1093),
	(431, 1094),
	(432, 1095),
	(432, 1096),
	(433, 1097),
	(433, 1098),
	(433, 1099),
	(434, 1100),
	(434, 1101),
	(434, 1102),
	(435, 1103),
	(436, 1104),
	(437, 1105),
	(438, 1106),
	(439, 1107),
	(440, 1108),
	(441, 1109),
	(442, 1110),
	(442, 1111),
	(442, 1112),
	(443, 1113),
	(444, 1114),
	(445, 1115),
	(445, 1116),
	(445, 1117),
	(445, 1118),
	(445, 1119),
	(445, 1120),
	(446, 1121),
	(446, 1122),
	(446, 1123),
	(447, 1124),
	(447, 1125),
	(447, 1126),
	(447, 1127),
	(448, 1128),
	(448, 1129),
	(448, 1130),
	(448, 1131),
	(448, 1132),
	(449, 1133),
	(449, 1134),
	(449, 1135),
	(449, 1136),
	(449, 1137),
	(450, 1138),
	(450, 1139),
	(450, 1140),
	(451, 1141),
	(451, 1142),
	(451, 1143),
	(451, 1144),
	(452, 1145),
	(453, 1146),
	(454, 1147),
	(455, 1148),
	(456, 1149),
	(457, 1150),
	(458, 1151),
	(459, 1152),
	(460, 1153),
	(461, 1154),
	(461, 1155),
	(462, 1156),
	(463, 1157),
	(464, 1158),
	(464, 1159),
	(464, 1160),
	(464, 1161),
	(465, 1162),
	(465, 1163),
	(465, 1164),
	(465, 1165),
	(465, 1166),
	(466, 1167),
	(466, 1168),
	(466, 1169),
	(466, 1170),
	(466, 1171),
	(466, 1172),
	(467, 1173),
	(467, 1174),
	(467, 1175),
	(467, 1176),
	(467, 1177),
	(467, 1178),
	(468, 1179),
	(468, 1180),
	(468, 1181),
	(468, 1182),
	(468, 1183),
	(468, 1184),
	(469, 1185),
	(469, 1186),
	(469, 1187),
	(469, 1188),
	(469, 1189),
	(469, 1190),
	(470, 1191),
	(470, 1192),
	(470, 1193),
	(470, 1194),
	(470, 1195),
	(470, 1196),
	(471, 1197),
	(471, 1198),
	(471, 1199),
	(471, 1200),
	(471, 1201),
	(471, 1202),
	(472, 1203),
	(472, 1204),
	(472, 1205),
	(472, 1206),
	(472, 1207),
	(473, 1208),
	(473, 1209),
	(473, 1210),
	(473, 1211),
	(473, 1212),
	(473, 1213),
	(474, 1214),
	(474, 1215),
	(474, 1216),
	(475, 1217),
	(475, 1218),
	(475, 1219),
	(476, 1220),
	(476, 1221),
	(477, 1222),
	(477, 1223),
	(477, 1224),
	(478, 1225),
	(478, 1226),
	(478, 1227),
	(479, 1228),
	(479, 1229),
	(479, 1230),
	(480, 1231),
	(481, 1232),
	(482, 1233),
	(483, 1234),
	(484, 1235),
	(485, 1236),
	(485, 1237),
	(485, 1238),
	(486, 1239),
	(486, 1240),
	(486, 1241),
	(487, 1242),
	(487, 1243),
	(487, 1244),
	(488, 1245),
	(488, 1246),
	(488, 1247),
	(489, 1248),
	(489, 1249),
	(489, 1250),
	(490, 1251),
	(490, 1252),
	(490, 1253),
	(491, 1254),
	(491, 1255),
	(491, 1256),
	(492, 1257),
	(492, 1258),
	(492, 1259),
	(493, 1260),
	(493, 1261),
	(493, 1262),
	(494, 1263),
	(494, 1264),
	(494, 1265),
	(495, 1266),
	(495, 1267),
	(495, 1268),
	(496, 1269),
	(496, 1270),
	(496, 1271),
	(496, 1272),
	(496, 1273),
	(497, 1274),
	(498, 1275),
	(498, 1276),
	(498, 1277),
	(499, 1278),
	(499, 1279),
	(499, 1280),
	(500, 1281),
	(500, 1282),
	(500, 1283),
	(501, 1284),
	(501, 1285),
	(501, 1286),
	(502, 1287),
	(502, 1288),
	(502, 1289),
	(503, 1290),
	(504, 1291),
	(504, 1292),
	(504, 1293),
	(505, 1294),
	(505, 1295),
	(505, 1296),
	(506, 1297),
	(506, 1298),
	(506, 1299),
	(507, 1300),
	(507, 1301),
	(508, 1302),
	(508, 1303),
	(509, 1304),
	(509, 1305),
	(510, 1306),
	(510, 1307),
	(511, 1308),
	(512, 1309),
	(512, 1310),
	(513, 1311),
	(513, 1312),
	(514, 1313),
	(514, 1314),
	(515, 1315),
	(515, 1316),
	(515, 1317),
	(516, 1318),
	(516, 1319),
	(517, 1320),
	(517, 1321),
	(517, 1322),
	(518, 1323),
	(518, 1324),
	(518, 1325),
	(519, 1326),
	(519, 1327),
	(519, 1328),
	(519, 1329),
	(519, 1330),
	(519, 1331),
	(520, 1332),
	(520, 1333),
	(520, 1334),
	(520, 1335),
	(520, 1336),
	(520, 1337),
	(521, 1338),
	(521, 1339),
	(521, 1340),
	(522, 1341),
	(523, 1342),
	(523, 1343),
	(524, 1344),
	(524, 1345),
	(525, 1346),
	(525, 1347),
	(525, 1348),
	(526, 1349),
	(527, 1350),
	(527, 1351),
	(527, 1352),
	(528, 1353),
	(528, 1354),
	(528, 1355),
	(528, 1356),
	(528, 1357),
	(528, 1358),
	(529, 1359),
	(529, 1360),
	(529, 1361),
	(530, 1362),
	(530, 1363),
	(530, 1364),
	(530, 1365),
	(530, 1366),
	(531, 1367),
	(531, 1368),
	(531, 1369),
	(531, 1370),
	(531, 1371),
	(532, 1372),
	(532, 1373),
	(532, 1374),
	(532, 1375),
	(532, 1376),
	(532, 1377),
	(533, 1378),
	(533, 1379),
	(533, 1380),
	(533, 1381),
	(534, 1382),
	(534, 1383),
	(534, 1384),
	(535, 1385),
	(535, 1386),
	(535, 1387),
	(535, 1388),
	(536, 1389),
	(537, 1390),
	(538, 1391),
	(539, 1392),
	(540, 1393),
	(541, 1394),
	(541, 1395),
	(542, 1396),
	(542, 1397),
	(543, 1398),
	(544, 1399),
	(544, 1400),
	(544, 1401),
	(544, 1402),
	(545, 1403),
	(546, 1404),
	(546, 1405),
	(547, 1406),
	(547, 1407),
	(548, 1408),
	(548, 1409),
	(548, 1410),
	(549, 1411),
	(549, 1412),
	(549, 1413),
	(550, 1414),
	(550, 1415),
	(550, 1416),
	(551, 1417),
	(551, 1418),
	(551, 1419),
	(552, 1420),
	(553, 1421),
	(553, 1422),
	(553, 1423),
	(554, 1424),
	(554, 1425),
	(555, 1426),
	(555, 1427),
	(555, 1428),
	(555, 1429),
	(556, 1430),
	(556, 1431),
	(556, 1432),
	(556, 1433),
	(556, 1434),
	(557, 1435),
	(557, 1436),
	(557, 1437),
	(557, 1438),
	(558, 1439),
	(558, 1440),
	(558, 1441),
	(558, 1442),
	(559, 1443),
	(559, 1444),
	(559, 1445),
	(559, 1446),
	(560, 1447),
	(561, 1448),
	(561, 1449),
	(561, 1450),
	(561, 1451),
	(562, 1452),
	(562, 1453),
	(562, 1454),
	(563, 1455),
	(563, 1456),
	(563, 1457),
	(563, 1458),
	(564, 1459),
	(564, 1460),
	(564, 1461),
	(565, 1462),
	(565, 1463),
	(566, 1464),
	(566, 1465),
	(567, 1466),
	(567, 1467),
	(568, 1468),
	(568, 1469),
	(568, 1470),
	(568, 1471),
	(569, 1472),
	(569, 1473),
	(569, 1474),
	(570, 1475),
	(570, 1476),
	(570, 1477),
	(570, 1478),
	(570, 1479),
	(571, 1480),
	(571, 1481),
	(571, 1482),
	(571, 1483),
	(571, 1484),
	(572, 1485),
	(572, 1486),
	(572, 1487),
	(572, 1488),
	(572, 1489),
	(572, 1490),
	(573, 1491),
	(573, 1492),
	(573, 1493),
	(573, 1494),
	(574, 1495),
	(574, 1496),
	(574, 1497),
	(574, 1498),
	(574, 1499),
	(575, 1500),
	(575, 1501),
	(575, 1502),
	(575, 1503),
	(575, 1504),
	(576, 1505),
	(576, 1506),
	(576, 1507),
	(576, 1508),
	(576, 1509),
	(577, 1510),
	(578, 1511),
	(578, 1512),
	(578, 1513),
	(578, 1514),
	(578, 1515),
	(578, 1516),
	(579, 1517),
	(579, 1518),
	(579, 1519),
	(580, 1520),
	(580, 1521),
	(580, 1522),
	(580, 1523),
	(581, 1524),
	(581, 1525),
	(581, 1526),
	(581, 1527),
	(581, 1528),
	(581, 1529),
	(582, 1530),
	(582, 1531),
	(582, 1532),
	(582, 1533),
	(582, 1534),
	(582, 1535),
	(583, 1536),
	(583, 1537),
	(583, 1538),
	(583, 1539),
	(583, 1540),
	(583, 1541),
	(584, 1542),
	(584, 1543),
	(584, 1544),
	(584, 1545),
	(584, 1546),
	(584, 1547),
	(585, 1548),
	(586, 1549),
	(587, 1550),
	(588, 1551),
	(589, 1552),
	(589, 1553),
	(589, 1554),
	(589, 1555),
	(590, 1556),
	(590, 1557),
	(591, 1558),
	(591, 1559),
	(591, 1560),
	(591, 1561),
	(592, 1562),
	(592, 1563),
	(592, 1564),
	(593, 1565),
	(593, 1566),
	(593, 1567),
	(594, 1568),
	(594, 1569),
	(594, 1570),
	(595, 1571),
	(595, 1572),
	(595, 1573),
	(596, 1574),
	(596, 1575),
	(597, 1576),
	(597, 1577),
	(597, 1578),
	(597, 1579),
	(598, 1580),
	(598, 1581),
	(598, 1582),
	(599, 1583),
	(599, 1584),
	(599, 1585),
	(599, 1586),
	(599, 1587),
	(600, 1588),
	(600, 1589),
	(600, 1590),
	(600, 1591),
	(601, 1592),
	(601, 1593),
	(601, 1594),
	(602, 1595),
	(602, 1596),
	(602, 1597),
	(602, 1598),
	(603, 1599),
	(603, 1600),
	(603, 1601),
	(604, 1602),
	(604, 1603),
	(605, 1604),
	(605, 1605),
	(605, 1606),
	(606, 1607),
	(606, 1608),
	(606, 1609),
	(606, 1610),
	(607, 1611),
	(607, 1612),
	(608, 1613),
	(608, 1614),
	(608, 1615),
	(608, 1616),
	(608, 1617),
	(609, 1618),
	(609, 1619),
	(609, 1620),
	(610, 1621),
	(610, 1622),
	(610, 1623),
	(610, 1624),
	(610, 1625),
	(611, 1626),
	(611, 1627),
	(611, 1628),
	(611, 1629),
	(612, 1630),
	(612, 1631),
	(612, 1632),
	(612, 1633),
	(612, 1634),
	(612, 1635),
	(613, 1636),
	(613, 1637),
	(613, 1638),
	(614, 1639),
	(614, 1640),
	(615, 1641),
	(615, 1642),
	(615, 1643),
	(616, 1644),
	(616, 1645),
	(616, 1646),
	(617, 1647),
	(617, 1648),
	(617, 1649),
	(618, 1650),
	(619, 1651),
	(620, 1652),
	(620, 1653),
	(620, 1654),
	(620, 1655),
	(621, 1656),
	(621, 1657),
	(621, 1658),
	(621, 1659),
	(621, 1660),
	(622, 1661),
	(622, 1662),
	(622, 1663),
	(622, 1664),
	(622, 1665);