INSERT INTO 
	pet_breed (breedid, petid)
VALUES
	(166, 1),
	(166, 2),
	(166, 3),
	(166, 4),
	(165, 5),
	(236, 6),
	(236, 7),
	(236, 8),
	(236, 9),
	(130, 10),
	(223, 11),
	(236, 12),
	(337, 13),
	(399, 14),
	(399, 15),
	(223, 16),
	(294, 17),
	(223, 18),
	(294, 19),
	(46, 20),
	(110, 21),
	(399, 22),
	(223, 23),
	(223, 24),
	(223, 25),
	(223, 26),
	(123, 27),
	(468, 28),
	(294, 29),
	(46, 30),
	(294, 31),
	(337, 32),
	(82, 33),
	(123, 34),
	(410, 35),
	(123, 36),
	(123, 37),
	(123, 38),
	(123, 39),
	(123, 40),
	(154, 41),
	(46, 42),
	(123, 43),
	(399, 44),
	(87, 45),
	(259, 46),
	(76, 47),
	(237, 48),
	(161, 49),
	(259, 50),
	(166, 51),
	(166, 52),
	(39, 53),
	(230, 54),
	(212, 55),
	(455, 56),
	(567, 57),
	(513, 58),
	(166, 59),
	(166, 60),
	(166, 61),
	(155, 62),
	(155, 63),
	(155, 64),
	(155, 65),
	(155, 66),
	(155, 67),
	(155, 68),
	(131, 69),
	(63, 70),
	(63, 71),
	(63, 72),
	(63, 73),
	(63, 74),
	(63, 75),
	(563, 76),
	(63, 77),
	(63, 78),
	(165, 79),
	(378, 80),
	(403, 81),
	(433, 82),
	(123, 83),
	(337, 84),
	(337, 85),
	(337, 86),
	(294, 87),
	(294, 88),
	(294, 89),
	(9, 90),
	(429, 91),
	(64, 92),
	(64, 93),
	(64, 94),
	(519, 95),
	(519, 96),
	(15, 97),
	(15, 98),
	(64, 99),
	(166, 100),
	(123, 101),
	(166, 102),
	(166, 103),
	(166, 104),
	(166, 105),
	(166, 106),
	(473, 107),
	(166, 108),
	(164, 109),
	(399, 110),
	(166, 111),
	(166, 112),
	(166, 113),
	(399, 114),
	(3, 115),
	(399, 116),
	(3, 117),
	(3, 118),
	(3, 119),
	(3, 120),
	(3, 121),
	(3, 122),
	(166, 123),
	(166, 124),
	(166, 125),
	(166, 126),
	(166, 127),
	(294, 128),
	(259, 129),
	(314, 130),
	(259, 131),
	(556, 132),
	(166, 133),
	(332, 134),
	(332, 135),
	(332, 136),
	(332, 137),
	(332, 138),
	(332, 139),
	(332, 140),
	(166, 141),
	(166, 142),
	(166, 143),
	(166, 144),
	(166, 145),
	(166, 146),
	(166, 147),
	(166, 148),
	(166, 149),
	(445, 150),
	(468, 151),
	(166, 152),
	(166, 153),
	(123, 154),
	(123, 155),
	(144, 156),
	(123, 157),
	(303, 158),
	(95, 159),
	(95, 160),
	(453, 161),
	(124, 162),
	(303, 163),
	(453, 164),
	(124, 165),
	(303, 166),
	(303, 167),
	(332, 168),
	(332, 169),
	(332, 170),
	(332, 171),
	(332, 172),
	(332, 173),
	(473, 174),
	(403, 175),
	(519, 176),
	(24, 177),
	(110, 178),
	(236, 179),
	(166, 180),
	(166, 181),
	(166, 182),
	(468, 183),
	(468, 184),
	(416, 185),
	(416, 186),
	(166, 187),
	(166, 188),
	(294, 189),
	(165, 190),
	(164, 191),
	(337, 192),
	(166, 193),
	(533, 194),
	(166, 195),
	(166, 196),
	(513, 197),
	(166, 198),
	(513, 199),
	(166, 200),
	(513, 201),
	(513, 202),
	(166, 203),
	(471, 204),
	(471, 205),
	(471, 206),
	(471, 207),
	(166, 208),
	(166, 209),
	(166, 210),
	(166, 211),
	(166, 212),
	(166, 213),
	(399, 214),
	(166, 215),
	(166, 216),
	(259, 217),
	(39, 218),
	(294, 219),
	(166, 220),
	(165, 221),
	(468, 222),
	(399, 223),
	(166, 224),
	(479, 225),
	(479, 226),
	(382, 227),
	(102, 228),
	(166, 229),
	(102, 230),
	(166, 231),
	(166, 232),
	(166, 233),
	(166, 234),
	(164, 235),
	(166, 236),
	(166, 237),
	(521, 238),
	(326, 239),
	(334, 240),
	(235, 241),
	(345, 242),
	(102, 243),
	(533, 244),
	(159, 245),
	(513, 246),
	(533, 247),
	(545, 248),
	(166, 249),
	(165, 250),
	(165, 251),
	(545, 252),
	(519, 253),
	(223, 254),
	(259, 255),
	(223, 256),
	(294, 257),
	(59, 258),
	(223, 259),
	(223, 260),
	(261, 261),
	(259, 262),
	(364, 263),
	(442, 264),
	(239, 265),
	(154, 266),
	(166, 267),
	(166, 268),
	(166, 269),
	(166, 270),
	(166, 271),
	(39, 272),
	(294, 273),
	(166, 274),
	(166, 275),
	(261, 276),
	(92, 277),
	(399, 278),
	(223, 279),
	(223, 280),
	(102, 281),
	(166, 282),
	(166, 283),
	(513, 284),
	(513, 285),
	(319, 286),
	(399, 287),
	(399, 288),
	(399, 289),
	(399, 290),
	(468, 291),
	(90, 292),
	(90, 293),
	(90, 294),
	(90, 295),
	(90, 296),
	(90, 297),
	(200, 298),
	(200, 299),
	(200, 300),
	(138, 301),
	(145, 302),
	(236, 303),
	(82, 304),
	(259, 305),
	(259, 306),
	(259, 307),
	(261, 308),
	(261, 309),
	(261, 310),
	(261, 311),
	(261, 312),
	(92, 313),
	(399, 314),
	(337, 315),
	(111, 316),
	(111, 317),
	(111, 318),
	(111, 319),
	(111, 320),
	(111, 321),
	(468, 322),
	(468, 323),
	(468, 324),
	(399, 325),
	(399, 326),
	(399, 327),
	(399, 328),
	(399, 329),
	(399, 330),
	(399, 331),
	(399, 332),
	(399, 333),
	(399, 334),
	(313, 335),
	(468, 336),
	(294, 337),
	(294, 338),
	(37, 339),
	(468, 340),
	(468, 341),
	(468, 342),
	(468, 343),
	(468, 344),
	(442, 345),
	(241, 346),
	(241, 347),
	(241, 348),
	(241, 349),
	(428, 350),
	(220, 351),
	(220, 352),
	(220, 353),
	(220, 354),
	(220, 355),
	(442, 356),
	(164, 357),
	(144, 358),
	(166, 359),
	(166, 360),
	(166, 361),
	(166, 362),
	(38, 363),
	(166, 364),
	(513, 365),
	(166, 366),
	(166, 367),
	(513, 368),
	(513, 369),
	(513, 370),
	(513, 371),
	(165, 372),
	(513, 373),
	(460, 374),
	(460, 375),
	(123, 376),
	(123, 377),
	(399, 378),
	(107, 379),
	(61, 380),
	(76, 381),
	(24, 382),
	(399, 383),
	(166, 384),
	(164, 385),
	(166, 386),
	(166, 387),
	(526, 388),
	(545, 389),
	(526, 390),
	(164, 391),
	(526, 392),
	(166, 393),
	(164, 394),
	(166, 395),
	(166, 396),
	(166, 397),
	(67, 398),
	(332, 399),
	(332, 400),
	(429, 401),
	(145, 402),
	(64, 403),
	(145, 404),
	(145, 405),
	(109, 406),
	(519, 407),
	(123, 408),
	(154, 409),
	(166, 410),
	(161, 411),
	(161, 412),
	(161, 413),
	(161, 414),
	(161, 415),
	(161, 416),
	(123, 417),
	(455, 418),
	(123, 419),
	(567, 420),
	(314, 421),
	(166, 422),
	(123, 423),
	(166, 424),
	(166, 425),
	(166, 426),
	(294, 427),
	(294, 428),
	(294, 429),
	(63, 430),
	(166, 431),
	(166, 432),
	(76, 433),
	(406, 434),
	(294, 435),
	(166, 436),
	(504, 437),
	(399, 438),
	(519, 439),
	(519, 440),
	(230, 441),
	(166, 442),
	(399, 443),
	(166, 444),
	(468, 445),
	(166, 446),
	(95, 447),
	(95, 448),
	(95, 449),
	(303, 450),
	(253, 451),
	(351, 452),
	(189, 453),
	(209, 454),
	(103, 455),
	(103, 456),
	(127, 457),
	(567, 458),
	(39, 459),
	(294, 460),
	(82, 461),
	(499, 462),
	(145, 463),
	(161, 464),
	(223, 465),
	(230, 466),
	(64, 467),
	(64, 468),
	(76, 469),
	(76, 470),
	(76, 471),
	(76, 472),
	(513, 473),
	(166, 474),
	(223, 475),
	(166, 476),
	(166, 477),
	(166, 478),
	(166, 479),
	(166, 480),
	(166, 481),
	(165, 482),
	(123, 483),
	(123, 484),
	(123, 485),
	(123, 486),
	(123, 487),
	(261, 488),
	(39, 489),
	(82, 490),
	(123, 491),
	(327, 492),
	(223, 493),
	(76, 494),
	(399, 495),
	(477, 496),
	(445, 497),
	(494, 498),
	(477, 499),
	(513, 500),
	(513, 501),
	(477, 502),
	(477, 503),
	(477, 504),
	(477, 505),
	(332, 506),
	(332, 507),
	(332, 508),
	(165, 509),
	(332, 510),
	(332, 511),
	(332, 512),
	(332, 513),
	(332, 514),
	(332, 515),
	(164, 516),
	(332, 517),
	(332, 518),
	(123, 519),
	(166, 520),
	(213, 521),
	(166, 522),
	(172, 523),
	(13, 524),
	(166, 525),
	(241, 526),
	(166, 527),
	(166, 528),
	(166, 529),
	(166, 530),
	(166, 531),
	(165, 532),
	(166, 533),
	(166, 534),
	(166, 535),
	(166, 536),
	(294, 537),
	(399, 538),
	(37, 539),
	(513, 540),
	(166, 541),
	(445, 542),
	(166, 543),
	(513, 544),
	(513, 545),
	(166, 546),
	(165, 547),
	(166, 548),
	(166, 549),
	(110, 550),
	(166, 551),
	(166, 552),
	(110, 553),
	(110, 554),
	(110, 555),
	(519, 556),
	(294, 557),
	(429, 558),
	(166, 559),
	(166, 560),
	(543, 561),
	(165, 562),
	(166, 563),
	(477, 564),
	(166, 565),
	(477, 566),
	(166, 567),
	(166, 568),
	(166, 569),
	(123, 570),
	(166, 571),
	(259, 572),
	(166, 573),
	(166, 574),
	(166, 575),
	(166, 576),
	(166, 577),
	(164, 578),
	(164, 579),
	(39, 580),
	(212, 581),
	(433, 582),
	(166, 583),
	(181, 584),
	(82, 585),
	(82, 586),
	(82, 587),
	(82, 588),
	(399, 589),
	(166, 590),
	(468, 591),
	(164, 592),
	(471, 593),
	(166, 594),
	(166, 595),
	(540, 596),
	(166, 597),
	(166, 598),
	(166, 599),
	(166, 600),
	(294, 601),
	(477, 602),
	(166, 603),
	(166, 604),
	(166, 605),
	(166, 606),
	(223, 607),
	(223, 608),
	(223, 609),
	(223, 610),
	(166, 611),
	(224, 612),
	(166, 613),
	(166, 614),
	(166, 615),
	(166, 616),
	(294, 617),
	(223, 618),
	(223, 619),
	(223, 620),
	(319, 621),
	(223, 622),
	(223, 623),
	(223, 624),
	(37, 625),
	(24, 626),
	(61, 627),
	(294, 628),
	(294, 629),
	(231, 630),
	(140, 631),
	(123, 632),
	(479, 633),
	(399, 634),
	(294, 635),
	(294, 636),
	(166, 637),
	(166, 638),
	(166, 639),
	(166, 640),
	(166, 641),
	(166, 642),
	(166, 643),
	(166, 644),
	(166, 645),
	(164, 646),
	(24, 647),
	(166, 648),
	(166, 649),
	(166, 650),
	(166, 651),
	(166, 652),
	(165, 653),
	(166, 654),
	(166, 655),
	(166, 656),
	(166, 657),
	(166, 658),
	(166, 659),
	(533, 660),
	(173, 661),
	(145, 662),
	(145, 663),
	(145, 664),
	(76, 665),
	(166, 666),
	(166, 667),
	(293, 668),
	(165, 669),
	(141, 670)