INSERT INTO
	pet_image (petid,imageid
VALUES
	(1, 1),
	(1, 2),
	(2, 3),
	(3, 4),
	(4, 5),
	(5, 6),
	(5, 7),
	(5, 8),
	(6, 9),
	(6, 10),
	(6, 11),
	(7, 12),
	(7, 13),
	(7, 14),
	(7, 15),
	(7, 16),
	(7, 17),
	(8, 18),
	(8, 19),
	(8, 20),
	(8, 21),
	(8, 22),
	(9, 23),
	(9, 24),
	(9, 25),
	(9, 26),
	(9, 27),
	(9, 28),
	(10, 29),
	(10, 30),
	(10, 31),
	(10, 32),
	(10, 33),
	(10, 34),
	(11, 35),
	(11, 36),
	(11, 37),
	(11, 38),
	(11, 39),
	(11, 40),
	(12, 41),
	(12, 42),
	(12, 43),
	(13, 44),
	(14, 45),
	(15, 46),
	(16, 47),
	(17, 48),
	(18, 49),
	(19, 50),
	(20, 51),
	(21, 52),
	(23, 53),
	(23, 54),
	(23, 55),
	(23, 56),
	(23, 57),
	(23, 58),
	(24, 59),
	(24, 60),
	(24, 61),
	(24, 62),
	(24, 63),
	(24, 64),
	(25, 65),
	(25, 66),
	(25, 67),
	(25, 68),
	(25, 69),
	(26, 70),
	(26, 71),
	(26, 72),
	(26, 73),
	(26, 74),
	(26, 75),
	(27, 76),
	(27, 77),
	(27, 78),
	(28, 79),
	(28, 80),
	(28, 81),
	(29, 82),
	(30, 83),
	(30, 84),
	(30, 85),
	(31, 86),
	(31, 87),
	(31, 88),
	(32, 89),
	(32, 90),
	(32, 91),
	(33, 92),
	(33, 93),
	(33, 94),
	(34, 95),
	(34, 96),
	(35, 97),
	(35, 98),
	(36, 99),
	(37, 100),
	(38, 101),
	(39, 102),
	(40, 103),
	(41, 104),
	(41, 105),
	(42, 106),
	(42, 107),
	(43, 108),
	(44, 109),
	(45, 110),
	(46, 111),
	(47, 112),
	(48, 113),
	(49, 114),
	(50, 115),
	(50, 116),
	(51, 117),
	(52, 118),
	(53, 119),
	(53, 120),
	(54, 121),
	(54, 122),
	(55, 123),
	(56, 124),
	(57, 125),
	(58, 126),
	(59, 127),
	(60, 128),
	(61, 129),
	(62, 130),
	(63, 131),
	(64, 132),
	(65, 133),
	(66, 134),
	(67, 135),
	(67, 136),
	(68, 137),
	(68, 138),
	(68, 139),
	(69, 140),
	(69, 141),
	(69, 142),
	(69, 143),
	(69, 144),
	(70, 145),
	(70, 146),
	(70, 147),
	(70, 148),
	(70, 149),
	(71, 150),
	(71, 151),
	(71, 152),
	(71, 153),
	(71, 154),
	(72, 155),
	(72, 156),
	(72, 157),
	(72, 158),
	(72, 159),
	(73, 160),
	(73, 161),
	(73, 162),
	(73, 163),
	(73, 164),
	(74, 165),
	(74, 166),
	(74, 167),
	(74, 168),
	(74, 169),
	(75, 170),
	(75, 171),
	(75, 172),
	(75, 173),
	(75, 174),
	(76, 175),
	(76, 176),
	(76, 177),
	(76, 178),
	(76, 179),
	(77, 180),
	(77, 181),
	(77, 182),
	(78, 183),
	(78, 184),
	(78, 185),
	(78, 186),
	(79, 187),
	(79, 188),
	(80, 189),
	(80, 190),
	(80, 191),
	(81, 192),
	(81, 193),
	(82, 194),
	(82, 195),
	(83, 196),
	(83, 197),
	(83, 198),
	(84, 199),
	(85, 200),
	(86, 201),
	(87, 202),
	(88, 203),
	(89, 204),
	(90, 205),
	(90, 206),
	(91, 207),
	(91, 208),
	(91, 209),
	(91, 210),
	(91, 211),
	(92, 212),
	(92, 213),
	(92, 214),
	(92, 215),
	(92, 216),
	(92, 217),
	(93, 218),
	(93, 219),
	(93, 220),
	(93, 221),
	(93, 222),
	(93, 223),
	(94, 224),
	(94, 225),
	(94, 226),
	(94, 227),
	(94, 228),
	(94, 229),
	(95, 230),
	(95, 231),
	(95, 232),
	(95, 233),
	(95, 234),
	(95, 235),
	(96, 236),
	(96, 237),
	(96, 238),
	(96, 239),
	(97, 240),
	(97, 241),
	(97, 242),
	(97, 243),
	(97, 244),
	(97, 245),
	(98, 246),
	(98, 247),
	(98, 248),
	(98, 249),
	(98, 250),
	(99, 251),
	(99, 252),
	(99, 253),
	(99, 254),
	(99, 255),
	(100, 256),
	(100, 257),
	(101, 258),
	(102, 259),
	(103, 260),
	(103, 261),
	(103, 262),
	(104, 263),
	(104, 264),
	(104, 265),
	(105, 266),
	(105, 267),
	(105, 268),
	(106, 269),
	(106, 270),
	(106, 271),
	(107, 272),
	(108, 273),
	(108, 274),
	(108, 275),
	(109, 276),
	(109, 277),
	(109, 278),
	(110, 279),
	(110, 280),
	(111, 281),
	(112, 282),
	(113, 283),
	(113, 284),
	(113, 285),
	(114, 286),
	(115, 287),
	(116, 288),
	(116, 289),
	(116, 290),
	(117, 291),
	(117, 292),
	(118, 293),
	(118, 294),
	(119, 295),
	(119, 296),
	(120, 297),
	(121, 298),
	(121, 299),
	(122, 300),
	(122, 301),
	(123, 302),
	(124, 303),
	(124, 304),
	(124, 305),
	(124, 306),
	(124, 307),
	(125, 308),
	(125, 309),
	(125, 310),
	(125, 311),
	(126, 312),
	(126, 313),
	(127, 314),
	(128, 315),
	(128, 316),
	(128, 317),
	(129, 318),
	(129, 319),
	(129, 320),
	(129, 321),
	(129, 322),
	(129, 323),
	(130, 324),
	(130, 325),
	(131, 326),
	(131, 327),
	(131, 328),
	(131, 329),
	(131, 330),
	(131, 331),
	(132, 332),
	(132, 333),
	(133, 334),
	(133, 335),
	(133, 336),
	(133, 337),
	(134, 338),
	(134, 339),
	(134, 340),
	(134, 341),
	(134, 342),
	(134, 343),
	(135, 344),
	(135, 345),
	(137, 346),
	(137, 347),
	(137, 348),
	(137, 349),
	(137, 350),
	(137, 351),
	(138, 352),
	(138, 353),
	(138, 354),
	(138, 355),
	(139, 356),
	(139, 357),
	(139, 358),
	(139, 359),
	(140, 360),
	(140, 361),
	(140, 362),
	(140, 363),
	(140, 364),
	(141, 365),
	(141, 366),
	(141, 367),
	(141, 368),
	(142, 369),
	(142, 370),
	(142, 371),
	(143, 372),
	(143, 373),
	(143, 374),
	(143, 375),
	(144, 376),
	(145, 377),
	(146, 378),
	(146, 379),
	(147, 380),
	(148, 381),
	(149, 382),
	(149, 383),
	(150, 384),
	(151, 385),
	(151, 386),
	(152, 387),
	(152, 388),
	(153, 389),
	(154, 390),
	(154, 391),
	(154, 392),
	(155, 393),
	(155, 394),
	(155, 395),
	(155, 396),
	(156, 397),
	(156, 398),
	(156, 399),
	(156, 400),
	(156, 401),
	(156, 402),
	(157, 403),
	(157, 404),
	(157, 405),
	(157, 406),
	(157, 407),
	(157, 408),
	(158, 409),
	(159, 410),
	(160, 411),
	(160, 412),
	(161, 413),
	(162, 414),
	(162, 415),
	(163, 416),
	(163, 417),
	(164, 418),
	(164, 419),
	(165, 420),
	(165, 421),
	(166, 422),
	(166, 423),
	(166, 424),
	(167, 425),
	(168, 426),
	(168, 427),
	(168, 428),
	(168, 429),
	(168, 430),
	(168, 431),
	(169, 432),
	(169, 433),
	(169, 434),
	(169, 435),
	(169, 436),
	(169, 437),
	(170, 438),
	(170, 439),
	(170, 440),
	(170, 441),
	(170, 442),
	(170, 443),
	(171, 444),
	(171, 445),
	(171, 446),
	(171, 447),
	(171, 448),
	(171, 449),
	(172, 450),
	(172, 451),
	(172, 452),
	(172, 453),
	(172, 454),
	(172, 455),
	(173, 456),
	(173, 457),
	(173, 458),
	(173, 459),
	(173, 460),
	(173, 461),
	(174, 462),
	(174, 463),
	(174, 464),
	(175, 465),
	(176, 466),
	(177, 467),
	(177, 468),
	(177, 469),
	(177, 470),
	(178, 471),
	(179, 472),
	(179, 473),
	(179, 474),
	(179, 475),
	(179, 476),
	(180, 477),
	(181, 478),
	(182, 479),
	(183, 480),
	(183, 481),
	(183, 482),
	(184, 483),
	(184, 484),
	(184, 485),
	(185, 486),
	(185, 487),
	(185, 488),
	(186, 489),
	(186, 490),
	(186, 491),
	(187, 492),
	(188, 493),
	(190, 494),
	(191, 495),
	(192, 496),
	(192, 497),
	(192, 498),
	(193, 499),
	(193, 500),
	(194, 501),
	(194, 502),
	(194, 503),
	(194, 504),
	(194, 505),
	(195, 506),
	(195, 507),
	(195, 508),
	(195, 509),
	(196, 510),
	(196, 511),
	(196, 512),
	(196, 513),
	(196, 514),
	(197, 515),
	(197, 516),
	(198, 517),
	(198, 518),
	(198, 519),
	(198, 520),
	(199, 521),
	(199, 522),
	(199, 523),
	(199, 524),
	(200, 525),
	(200, 526),
	(200, 527),
	(201, 528),
	(201, 529),
	(201, 530),
	(202, 531),
	(202, 532),
	(202, 533),
	(202, 534),
	(203, 535),
	(203, 536),
	(203, 537),
	(203, 538),
	(204, 539),
	(205, 540),
	(206, 541),
	(206, 542),
	(207, 543),
	(207, 544),
	(207, 545),
	(208, 546),
	(209, 547),
	(210, 548),
	(211, 549),
	(212, 550),
	(213, 551),
	(214, 552),
	(214, 553),
	(214, 554),
	(214, 555),
	(214, 556),
	(215, 557),
	(215, 558),
	(216, 559),
	(216, 560),
	(217, 561),
	(217, 562),
	(218, 563),
	(218, 564),
	(218, 565),
	(219, 566),
	(219, 567),
	(219, 568),
	(220, 569),
	(220, 570),
	(221, 571),
	(222, 572),
	(223, 573),
	(224, 574),
	(224, 575),
	(224, 576),
	(225, 577),
	(226, 578),
	(226, 579),
	(226, 580),
	(227, 581),
	(227, 582),
	(227, 583),
	(228, 584),
	(228, 585),
	(228, 586),
	(229, 587),
	(229, 588),
	(230, 589),
	(230, 590),
	(231, 591),
	(231, 592),
	(232, 593),
	(233, 594),
	(233, 595),
	(234, 596),
	(234, 597),
	(234, 598),
	(235, 599),
	(235, 600),
	(236, 601),
	(236, 602),
	(237, 603),
	(238, 604),
	(239, 605),
	(240, 606),
	(240, 607),
	(241, 608),
	(241, 609),
	(242, 610),
	(242, 611),
	(242, 612),
	(243, 613),
	(243, 614),
	(243, 615),
	(243, 616),
	(243, 617),
	(244, 618),
	(244, 619),
	(244, 620),
	(244, 621),
	(244, 622),
	(244, 623),
	(245, 624),
	(245, 625),
	(245, 626),
	(245, 627),
	(245, 628),
	(246, 629),
	(246, 630),
	(246, 631),
	(246, 632),
	(247, 633),
	(247, 634),
	(247, 635),
	(247, 636),
	(247, 637),
	(248, 638),
	(248, 639),
	(248, 640),
	(248, 641),
	(249, 642),
	(249, 643),
	(249, 644),
	(249, 645),
	(250, 646),
	(250, 647),
	(250, 648),
	(250, 649),
	(251, 650),
	(251, 651),
	(251, 652),
	(251, 653),
	(251, 654),
	(252, 655),
	(252, 656),
	(252, 657),
	(253, 658),
	(253, 659),
	(253, 660),
	(254, 661),
	(254, 662),
	(254, 663),
	(255, 664),
	(255, 665),
	(255, 666),
	(256, 667),
	(256, 668),
	(256, 669),
	(257, 670),
	(257, 671),
	(258, 672),
	(258, 673),
	(258, 674),
	(259, 675),
	(259, 676),
	(259, 677),
	(260, 678),
	(260, 679),
	(260, 680),
	(261, 681),
	(261, 682),
	(261, 683),
	(262, 684),
	(262, 685),
	(262, 686),
	(263, 687),
	(263, 688),
	(264, 689),
	(264, 690),
	(265, 691),
	(266, 692),
	(266, 693),
	(266, 694),
	(267, 695),
	(267, 696),
	(267, 697),
	(267, 698),
	(267, 699),
	(267, 700),
	(268, 701),
	(269, 702),
	(270, 703),
	(271, 704),
	(272, 705),
	(272, 706),
	(272, 707),
	(272, 708),
	(273, 709),
	(273, 710),
	(273, 711),
	(274, 712),
	(275, 713),
	(286, 714),
	(286, 715),
	(286, 716),
	(287, 717),
	(287, 718),
	(287, 719),
	(287, 720),
	(287, 721),
	(288, 722),
	(288, 723),
	(288, 724),
	(288, 725),
	(288, 726),
	(288, 727),
	(289, 728),
	(289, 729),
	(289, 730),
	(290, 731),
	(290, 732),
	(290, 733),
	(290, 734),
	(290, 735),
	(290, 736),
	(291, 737),
	(291, 738),
	(302, 739),
	(302, 740),
	(302, 741),
	(302, 742),
	(303, 743),
	(303, 744),
	(303, 745),
	(303, 746),
	(304, 747),
	(304, 748),
	(304, 749),
	(305, 750),
	(305, 751),
	(305, 752),
	(305, 753),
	(305, 754),
	(306, 755),
	(306, 756),
	(306, 757),
	(306, 758),
	(306, 759),
	(306, 760),
	(308, 761),
	(308, 762),
	(308, 763),
	(308, 764),
	(308, 765),
	(309, 766),
	(309, 767),
	(309, 768),
	(309, 769),
	(309, 770),
	(310, 771),
	(310, 772),
	(310, 773),
	(310, 774),
	(310, 775),
	(311, 776),
	(311, 777),
	(311, 778),
	(311, 779),
	(311, 780),
	(311, 781),
	(312, 782),
	(312, 783),
	(312, 784),
	(312, 785),
	(312, 786),
	(312, 787),
	(313, 788),
	(313, 789),
	(313, 790),
	(313, 791),
	(314, 792),
	(314, 793),
	(315, 794),
	(315, 795),
	(315, 796),
	(316, 797),
	(316, 798),
	(316, 799),
	(317, 800),
	(317, 801),
	(317, 802),
	(318, 803),
	(318, 804),
	(319, 805),
	(319, 806),
	(319, 807),
	(320, 808),
	(320, 809),
	(320, 810),
	(321, 811),
	(321, 812),
	(322, 813),
	(322, 814),
	(322, 815),
	(323, 816),
	(323, 817),
	(323, 818),
	(324, 819),
	(324, 820),
	(324, 821),
	(324, 822),
	(325, 823),
	(326, 824),
	(326, 825),
	(327, 826),
	(327, 827),
	(327, 828),
	(328, 829),
	(328, 830),
	(328, 831),
	(328, 832),
	(329, 833),
	(329, 834),
	(329, 835),
	(329, 836),
	(329, 837),
	(330, 838),
	(330, 839),
	(330, 840),
	(331, 841),
	(331, 842),
	(331, 843),
	(331, 844),
	(332, 845),
	(333, 846),
	(333, 847),
	(333, 848),
	(333, 849),
	(334, 850),
	(335, 851),
	(335, 852),
	(336, 853),
	(336, 854),
	(337, 855),
	(337, 856),
	(337, 857),
	(337, 858),
	(338, 859),
	(338, 860),
	(338, 861),
	(338, 862),
	(339, 863),
	(339, 864),
	(339, 865),
	(339, 866),
	(339, 867),
	(339, 868),
	(340, 869),
	(340, 870),
	(341, 871),
	(341, 872),
	(341, 873),
	(341, 874),
	(342, 875),
	(342, 876),
	(343, 877),
	(343, 878),
	(343, 879),
	(344, 880),
	(344, 881),
	(344, 882),
	(344, 883),
	(344, 884),
	(344, 885),
	(345, 886),
	(345, 887),
	(345, 888),
	(345, 889),
	(345, 890),
	(345, 891),
	(346, 892),
	(346, 893),
	(347, 894),
	(348, 895),
	(348, 896),
	(349, 897),
	(350, 898),
	(351, 899),
	(351, 900),
	(351, 901),
	(351, 902),
	(352, 903),
	(352, 904),
	(352, 905),
	(352, 906),
	(353, 907),
	(353, 908),
	(353, 909),
	(353, 910),
	(354, 911),
	(354, 912),
	(354, 913),
	(354, 914),
	(354, 915),
	(355, 916),
	(355, 917),
	(355, 918),
	(355, 919),
	(356, 920),
	(357, 921),
	(357, 922),
	(357, 923),
	(357, 924),
	(358, 925),
	(358, 926),
	(359, 927),
	(359, 928),
	(359, 929),
	(360, 930),
	(360, 931),
	(360, 932),
	(361, 933),
	(361, 934),
	(361, 935),
	(361, 936),
	(361, 937),
	(361, 938),
	(362, 939),
	(362, 940),
	(362, 941),
	(362, 942),
	(362, 943),
	(363, 944),
	(364, 945),
	(364, 946),
	(364, 947),
	(364, 948),
	(365, 949),
	(366, 950),
	(366, 951),
	(366, 952),
	(367, 953),
	(367, 954),
	(367, 955),
	(368, 956),
	(369, 957),
	(369, 958),
	(369, 959),
	(370, 960),
	(371, 961),
	(372, 962),
	(372, 963),
	(372, 964),
	(372, 965),
	(373, 966),
	(373, 967),
	(373, 968),
	(373, 969),
	(373, 970),
	(373, 971),
	(374, 972),
	(374, 973),
	(374, 974),
	(374, 975),
	(374, 976),
	(374, 977),
	(375, 978),
	(375, 979),
	(375, 980),
	(375, 981),
	(375, 982),
	(375, 983),
	(376, 984),
	(376, 985),
	(376, 986),
	(376, 987),
	(376, 988),
	(376, 989),
	(377, 990),
	(377, 991),
	(377, 992),
	(377, 993),
	(377, 994),
	(377, 995),
	(378, 996),
	(378, 997),
	(379, 998),
	(379, 999),
	(379, 1000),
	(379, 1001),
	(379, 1002),
	(379, 1003),
	(380, 1004),
	(380, 1005),
	(380, 1006),
	(380, 1007),
	(380, 1008),
	(380, 1009),
	(381, 1010),
	(381, 1011),
	(381, 1012),
	(381, 1013),
	(382, 1014),
	(382, 1015),
	(382, 1016),
	(382, 1017),
	(382, 1018),
	(383, 1019),
	(384, 1020),
	(384, 1021),
	(385, 1022),
	(385, 1023),
	(385, 1024),
	(386, 1025),
	(386, 1026),
	(386, 1027),
	(387, 1028),
	(388, 1029),
	(388, 1030),
	(389, 1031),
	(390, 1032),
	(391, 1033),
	(392, 1034),
	(392, 1035),
	(393, 1036),
	(394, 1037),
	(394, 1038),
	(395, 1039),
	(395, 1040),
	(395, 1041),
	(396, 1042),
	(396, 1043),
	(397, 1044),
	(397, 1045),
	(398, 1046),
	(398, 1047),
	(399, 1048),
	(399, 1049),
	(400, 1050),
	(401, 1051),
	(401, 1052),
	(401, 1053),
	(401, 1054),
	(401, 1055),
	(401, 1056),
	(402, 1057),
	(402, 1058),
	(402, 1059),
	(403, 1060),
	(403, 1061),
	(403, 1062),
	(403, 1063),
	(403, 1064),
	(404, 1065),
	(404, 1066),
	(404, 1067),
	(404, 1068),
	(405, 1069),
	(405, 1070),
	(405, 1071),
	(405, 1072),
	(405, 1073),
	(406, 1074),
	(406, 1075),
	(406, 1076),
	(406, 1077),
	(406, 1078),
	(407, 1079),
	(407, 1080),
	(408, 1081),
	(408, 1082),
	(408, 1083),
	(409, 1084),
	(409, 1085),
	(409, 1086),
	(409, 1087),
	(409, 1088),
	(409, 1089),
	(410, 1090),
	(410, 1091),
	(410, 1092),
	(411, 1093),
	(411, 1094),
	(411, 1095),
	(411, 1096),
	(412, 1097),
	(412, 1098),
	(412, 1099),
	(413, 1100),
	(413, 1101),
	(413, 1102),
	(413, 1103),
	(414, 1104),
	(414, 1105),
	(414, 1106),
	(414, 1107),
	(415, 1108),
	(415, 1109),
	(415, 1110),
	(416, 1111),
	(416, 1112),
	(416, 1113),
	(416, 1114),
	(416, 1115),
	(417, 1116),
	(417, 1117),
	(418, 1118),
	(418, 1119),
	(419, 1120),
	(419, 1121),
	(419, 1122),
	(419, 1123),
	(419, 1124),
	(419, 1125),
	(420, 1126),
	(420, 1127),
	(420, 1128),
	(420, 1129),
	(420, 1130),
	(420, 1131),
	(421, 1132),
	(421, 1133),
	(421, 1134),
	(421, 1135),
	(421, 1136),
	(421, 1137),
	(422, 1138),
	(423, 1139),
	(423, 1140),
	(423, 1141),
	(424, 1142),
	(425, 1143),
	(425, 1144),
	(426, 1145),
	(427, 1146),
	(427, 1147),
	(428, 1148),
	(428, 1149),
	(429, 1150),
	(429, 1151),
	(430, 1152),
	(430, 1153),
	(431, 1154),
	(432, 1155),
	(433, 1156),
	(434, 1157),
	(435, 1158),
	(435, 1159),
	(436, 1160),
	(437, 1161),
	(438, 1162),
	(438, 1163),
	(439, 1164),
	(439, 1165),
	(440, 1166),
	(441, 1167),
	(442, 1168),
	(442, 1169),
	(442, 1170),
	(442, 1171),
	(442, 1172),
	(443, 1173),
	(443, 1174),
	(443, 1175),
	(443, 1176),
	(444, 1177),
	(445, 1178),
	(445, 1179),
	(445, 1180),
	(446, 1181),
	(446, 1182),
	(446, 1183),
	(446, 1184),
	(446, 1185),
	(446, 1186),
	(447, 1187),
	(447, 1188),
	(447, 1189),
	(448, 1190),
	(448, 1191),
	(448, 1192),
	(449, 1193),
	(449, 1194),
	(450, 1195),
	(450, 1196),
	(450, 1197),
	(451, 1198),
	(451, 1199),
	(451, 1200),
	(452, 1201),
	(452, 1202),
	(452, 1203),
	(453, 1204),
	(453, 1205),
	(453, 1206),
	(454, 1207),
	(454, 1208),
	(454, 1209),
	(455, 1210),
	(455, 1211),
	(455, 1212),
	(456, 1213),
	(457, 1214),
	(457, 1215),
	(457, 1216),
	(458, 1217),
	(458, 1218),
	(458, 1219),
	(459, 1220),
	(459, 1221),
	(459, 1222),
	(459, 1223),
	(459, 1224),
	(460, 1225),
	(460, 1226),
	(461, 1227),
	(461, 1228),
	(461, 1229),
	(461, 1230),
	(462, 1231),
	(462, 1232),
	(462, 1233),
	(462, 1234),
	(462, 1235),
	(463, 1236),
	(463, 1237),
	(463, 1238),
	(464, 1239),
	(464, 1240),
	(465, 1241),
	(465, 1242),
	(466, 1243),
	(466, 1244),
	(466, 1245),
	(467, 1246),
	(468, 1247),
	(469, 1248),
	(469, 1249),
	(469, 1250),
	(470, 1251),
	(470, 1252),
	(470, 1253),
	(471, 1254),
	(471, 1255),
	(471, 1256),
	(472, 1257),
	(472, 1258),
	(472, 1259),
	(473, 1260),
	(474, 1261),
	(475, 1262),
	(476, 1263),
	(477, 1264),
	(478, 1265),
	(479, 1266),
	(480, 1267),
	(481, 1268),
	(482, 1269),
	(483, 1270),
	(484, 1271),
	(484, 1272),
	(484, 1273),
	(485, 1274),
	(485, 1275),
	(485, 1276),
	(485, 1277),
	(486, 1278),
	(486, 1279),
	(487, 1280),
	(488, 1281),
	(488, 1282),
	(488, 1283),
	(489, 1284),
	(489, 1285),
	(490, 1286),
	(490, 1287),
	(490, 1288),
	(491, 1289),
	(492, 1290),
	(492, 1291),
	(493, 1292),
	(493, 1293),
	(493, 1294),
	(494, 1295),
	(494, 1296),
	(495, 1297),
	(495, 1298),
	(495, 1299),
	(496, 1300),
	(496, 1301),
	(496, 1302),
	(496, 1303),
	(496, 1304),
	(496, 1305),
	(497, 1306),
	(497, 1307),
	(497, 1308),
	(497, 1309),
	(497, 1310),
	(498, 1311),
	(498, 1312),
	(498, 1313),
	(498, 1314),
	(498, 1315),
	(498, 1316),
	(499, 1317),
	(499, 1318),
	(499, 1319),
	(499, 1320),
	(499, 1321),
	(499, 1322),
	(500, 1323),
	(500, 1324),
	(500, 1325),
	(500, 1326),
	(500, 1327),
	(500, 1328),
	(501, 1329),
	(501, 1330),
	(501, 1331),
	(501, 1332),
	(501, 1333),
	(502, 1334),
	(502, 1335),
	(502, 1336),
	(502, 1337),
	(502, 1338),
	(502, 1339),
	(503, 1340),
	(503, 1341),
	(503, 1342),
	(503, 1343),
	(503, 1344),
	(503, 1345),
	(504, 1346),
	(504, 1347),
	(504, 1348),
	(504, 1349),
	(504, 1350),
	(504, 1351),
	(505, 1352),
	(505, 1353),
	(505, 1354),
	(505, 1355),
	(505, 1356),
	(505, 1357),
	(507, 1358),
	(508, 1359),
	(509, 1360),
	(510, 1361),
	(511, 1362),
	(512, 1363),
	(513, 1364),
	(514, 1365),
	(515, 1366),
	(516, 1367),
	(516, 1368),
	(516, 1369),
	(517, 1370),
	(517, 1371),
	(517, 1372),
	(517, 1373),
	(518, 1374),
	(518, 1375),
	(518, 1376),
	(519, 1377),
	(519, 1378),
	(520, 1379),
	(521, 1380),
	(521, 1381),
	(521, 1382),
	(521, 1383),
	(521, 1384),
	(521, 1385),
	(522, 1386),
	(522, 1387),
	(522, 1388),
	(523, 1389),
	(523, 1390),
	(523, 1391),
	(523, 1392),
	(524, 1393),
	(524, 1394),
	(524, 1395),
	(524, 1396),
	(526, 1397),
	(526, 1398),
	(526, 1399),
	(527, 1400),
	(528, 1401),
	(529, 1402),
	(530, 1403),
	(531, 1404),
	(531, 1405),
	(531, 1406),
	(536, 1407),
	(537, 1408),
	(537, 1409),
	(537, 1410),
	(537, 1411),
	(537, 1412),
	(538, 1413),
	(538, 1414),
	(538, 1415),
	(539, 1416),
	(539, 1417),
	(539, 1418),
	(539, 1419),
	(539, 1420),
	(539, 1421),
	(540, 1422),
	(540, 1423),
	(540, 1424),
	(541, 1425),
	(542, 1426),
	(542, 1427),
	(543, 1428),
	(544, 1429),
	(545, 1430),
	(546, 1431),
	(546, 1432),
	(547, 1433),
	(548, 1434),
	(549, 1435),
	(550, 1436),
	(550, 1437),
	(551, 1438),
	(551, 1439),
	(552, 1440),
	(553, 1441),
	(554, 1442),
	(555, 1443),
	(556, 1444),
	(556, 1445),
	(557, 1446),
	(558, 1447),
	(559, 1448),
	(559, 1449),
	(560, 1450),
	(560, 1451),
	(560, 1452),
	(560, 1453),
	(560, 1454),
	(561, 1455),
	(561, 1456),
	(561, 1457),
	(562, 1458),
	(563, 1459),
	(563, 1460),
	(563, 1461),
	(564, 1462),
	(564, 1463),
	(564, 1464),
	(565, 1465),
	(565, 1466),
	(565, 1467),
	(566, 1468),
	(566, 1469),
	(567, 1470),
	(568, 1471),
	(568, 1472),
	(569, 1473),
	(570, 1474),
	(571, 1475),
	(571, 1476),
	(572, 1477),
	(572, 1478),
	(572, 1479),
	(573, 1480),
	(574, 1481),
	(575, 1482),
	(575, 1483),
	(575, 1484),
	(576, 1485),
	(577, 1486),
	(578, 1487),
	(578, 1488),
	(579, 1489),
	(579, 1490),
	(580, 1491),
	(581, 1492),
	(581, 1493),
	(581, 1494),
	(581, 1495),
	(581, 1496),
	(581, 1497),
	(582, 1498),
	(582, 1499),
	(582, 1500),
	(582, 1501),
	(583, 1502),
	(584, 1503),
	(585, 1504),
	(586, 1505),
	(587, 1506),
	(588, 1507),
	(589, 1508),
	(589, 1509),
	(591, 1510),
	(592, 1511),
	(593, 1512),
	(593, 1513),
	(594, 1514),
	(594, 1515),
	(595, 1516),
	(595, 1517),
	(595, 1518),
	(596, 1519),
	(596, 1520),
	(596, 1521),
	(596, 1522),
	(597, 1523),
	(598, 1524),
	(599, 1525),
	(599, 1526),
	(600, 1527),
	(601, 1528),
	(601, 1529),
	(602, 1530),
	(602, 1531),
	(602, 1532),
	(603, 1533),
	(603, 1534),
	(604, 1535),
	(604, 1536),
	(605, 1537),
	(606, 1538),
	(607, 1539),
	(607, 1540),
	(608, 1541),
	(608, 1542),
	(609, 1543),
	(609, 1544),
	(609, 1545),
	(610, 1546),
	(611, 1547),
	(611, 1548),
	(611, 1549),
	(612, 1550),
	(612, 1551),
	(612, 1552),
	(612, 1553),
	(613, 1554),
	(613, 1555),
	(613, 1556),
	(614, 1557),
	(615, 1558),
	(616, 1559),
	(620, 1560),
	(621, 1561),
	(621, 1562),
	(621, 1563),
	(621, 1564),
	(621, 1565),
	(622, 1566),
	(622, 1567),
	(622, 1568),
	(623, 1569),
	(623, 1570),
	(623, 1571),
	(624, 1572),
	(624, 1573),
	(624, 1574),
	(624, 1575),
	(624, 1576),
	(625, 1577),
	(625, 1578),
	(625, 1579),
	(625, 1580),
	(625, 1581),
	(626, 1582),
	(626, 1583),
	(626, 1584),
	(626, 1585),
	(627, 1586),
	(627, 1587),
	(627, 1588),
	(627, 1589),
	(627, 1590),
	(627, 1591),
	(628, 1592),
	(628, 1593),
	(628, 1594),
	(628, 1595),
	(629, 1596),
	(629, 1597),
	(629, 1598),
	(629, 1599),
	(630, 1600),
	(630, 1601),
	(630, 1602),
	(630, 1603),
	(631, 1604),
	(631, 1605),
	(631, 1606),
	(631, 1607),
	(632, 1608),
	(632, 1609),
	(632, 1610),
	(632, 1611),
	(633, 1612),
	(633, 1613),
	(633, 1614),
	(633, 1615),
	(633, 1616),
	(634, 1617),
	(634, 1618),
	(634, 1619),
	(634, 1620),
	(635, 1621),
	(635, 1622),
	(635, 1623),
	(635, 1624),
	(635, 1625),
	(635, 1626),
	(636, 1627),
	(636, 1628),
	(636, 1629),
	(636, 1630),
	(636, 1631),
	(636, 1632),
	(644, 1633),
	(644, 1634),
	(644, 1635),
	(644, 1636),
	(644, 1637),
	(644, 1638),
	(645, 1639),
	(645, 1640),
	(645, 1641),
	(645, 1642),
	(645, 1643),
	(645, 1644),
	(646, 1645),
	(646, 1646),
	(646, 1647),
	(646, 1648),
	(646, 1649),
	(646, 1650),
	(647, 1651),
	(647, 1652),
	(647, 1653),
	(647, 1654),
	(648, 1655),
	(648, 1656),
	(648, 1657),
	(648, 1658),
	(648, 1659),
	(648, 1660),
	(649, 1661),
	(649, 1662),
	(649, 1663),
	(649, 1664),
	(649, 1665),
	(649, 1666),
	(650, 1667),
	(650, 1668),
	(651, 1669),
	(651, 1670),
	(651, 1671),
	(652, 1672),
	(652, 1673),
	(652, 1674),
	(653, 1675),
	(653, 1676),
	(653, 1677),
	(654, 1678),
	(654, 1679),
	(654, 1680),
	(655, 1681),
	(655, 1682),
	(656, 1683),
	(657, 1684),
	(657, 1685),
	(658, 1686),
	(659, 1687),
	(660, 1688),
	(660, 1689),
	(660, 1690),
	(661, 1691),
	(662, 1692),
	(663, 1693),
	(664, 1694),
	(665, 1695),
	(666, 1696),
	(667, 1697),
	(668, 1698),
	(668, 1699),
	(668, 1700),
	(668, 1701),
	(669, 1702),
	(669, 1703),
	(669, 1704),
	(670, 1705),
	(670, 1706),
	(670, 1707)